SM:2022-10-13T18:32:06.0941964Z
LM:2022-10-13T18:32:07.8323203Z
CT:image/jpeg
MA:2592000
CL:412650
